5
2
0 25 25 0
0
3
0 1 43 1 0 6 43 6 0
2
8
0 44 20 14 21 37 46 44 44 0 35 27 47 6 33 1 20 35 0 42 32 47 46 38 14 27 42 0 6 30 15 9 21 47 32 6 0 14 18 27 37 6 47 30 14 0 35 29 46 33 46 15 18 35 0 39 44 1 38 9 27 29 39 0
0
16
0 16 7 21 39 28 38 7 50 6 2 25 31 27 13 20 16 0 48 19 15 16 36 41 23 5 12 38 34 17 49 50 7 48 0 9 29 10 44 5 26 49 31 13 45 35 23 22 21 19 9 0 42 37 19 19 45 12 29 25 11 41 10 5 39 15 29 42 0 33 29 29 41 23 6 1 14 41 10 40 28 16 10 37 33 0 44 39 6 29 21 37 50 35 37 12 38 36 44 19 29 44 0 20 40 50 37 3 32 27 11 41 7 41 5 19 29 39 20 0 5 44 45 50 50 43 43 18 50 23 26 45 41 6 40 5 0 47 27 30 47 37 38 6 6 5 49 12 23 29 50 44 47 0 23 1 10 8 7 29 2 12 31 29 6 21 37 45 27 23 0 19 24 46 2 28 25 38 13 25 1 37 3 50 30 1 19 0 14 7 14 1 31 34 45 11 14 50 32 50 47 10 24 14 0 30 23 35 27 17 35 41 41 35 27 43 37 8 46 7 30 0 22 9 13 49 23 10 10 37 11 43 38 7 2 14 23 22 0 21 20 50 22 5 40 12 41 18 6 29 28 1 35 9 21 0
8
6
0 1 0 0 0 0 1 0 1 1 0 0 0 1 0 8 0 0 0 1 8 0 2 2 0 0 0 2 0 0 0 0 0 2 0 0
0
# 0 24 20 14 20 30 29 23
# 12 13 10 11 8 6 10 5 0 8 14 7 18 14 15 6
# 0 1 2 2 4 4
